; Length in meter
; Time in second
; diffusion constant in meter^2/second
; Flip angle in degree
; 
[FILES]
FIELD_MAP[0] = ../inputs/fieldmap1.dat
FIELD_MAP[1] = ../inputs/fieldmap2.dat
MASK	  = ../inputs/mask.dat
OUTPUTS   = ../outputs/results_se.dat

[TISSUE_PARAMETERS]
T1 = 1000.0
T2 = 1000.0

[SCAN_PARAMETERS]
FA = 90.0
;TE = Currently is TR/2
TR = 0.04
DWELL_TIME = 50e-6
DUMMY_SCAN = 0

[SIMULATION_PARAMETERS]
B0 = 9.4
SEED = 0 ; use 0 for random seed generation, otherwise use a positive integer to make a reproducible simulation
;ENABLE_PHASE_CYCLING = 1
ENABLE_180_REFOCUSING = 1
NUMBER_OF_SPINS = 1e5
DIFFUSION_CONSTANT = 1e-9
SAMPLE_LENGTH[0]   = 9.36908576461109e-06 
SAMPLE_LENGTH[1]   = 1.49905372233777e-05
SAMPLE_LENGTH[2]   = 1.87381715292222e-05
SAMPLE_LENGTH[3]   = 2.81072572938333e-05
SAMPLE_LENGTH[4]   = 3.74763430584444e-05
SAMPLE_LENGTH[5]   = 7.49526861168887e-05
SAMPLE_LENGTH[6]   = 0.000103059943410722
SAMPLE_LENGTH[7]   = 0.000149905372233777
SAMPLE_LENGTH[8]   = 0.000187381715292222
SAMPLE_LENGTH[9]   = 0.000224858058350666
SAMPLE_LENGTH[10]  = 0.000299810744467555
SAMPLE_LENGTH[11]  = 0.000374763430584443
SAMPLE_LENGTH[12]  = 0.00059962148893511
SAMPLE_LENGTH[13]  = 0.000843217718814998
SAMPLE_LENGTH[14]  = 0.00119924297787022
SAMPLE_LENGTH[15]  = 0.00140536286469166
SAMPLE_LENGTH[16]  = 0.00168643543763
SAMPLE_LENGTH[17]  = 0.00187381715292222
SAMPLE_LENGTH[18]  = 0.00206119886821444
SAMPLE_LENGTH[19]  = 0.00239848595574044
SAMPLE_LENGTH[20]  = 0.0026233440140911
SAMPLE_LENGTH[21]  = 0.00337287087525999
SAMPLE_LENGTH[22]  = 0.00479697191148088
SAMPLE_LENGTH[23]  = 0.00749526861168887
SAMPLE_LENGTH[24]  = 0.00959394382296176
SAMPLE_LENGTH[25]  = 0.0116176663481178
SAMPLE_LENGTH[26]  = 0.0149905372233777
SAMPLE_LENGTH[27]  = 0.0191878876459235

[DEBUG]
GPU_DEVICE_ID = 0
DUMP_INFO = 1
SIMULATE_STEADYSTATE = 0

